0 0.164844 0.020313 0.020313 0.018750
0 0.737500 0.210938 0.018750 0.018750
0 0.759375 0.210938 0.018750 0.018750
0 0.815625 0.229687 0.018750 0.018750
0 0.501563 0.281250 0.018750 0.018750
0 0.485938 0.282031 0.018750 0.020313
0 0.450781 0.294531 0.020313 0.020313
0 0.427344 0.315625 0.020313 0.018750
0 0.336719 0.323437 0.020313 0.018750
0 0.417187 0.371875 0.018750 0.018750
0 0.403906 0.414062 0.020313 0.018750
0 0.465625 0.414062 0.018750 0.018750
0 0.520312 0.477344 0.018750 0.020313
0 0.479687 0.520312 0.018750 0.018750
