0 0.164844 0.020313 0.020313 0.018750
0 0.810937 0.221875 0.018750 0.018750
0 0.632031 0.243750 0.020313 0.018750
0 0.822656 0.246875 0.020313 0.018750
0 0.632031 0.249219 0.020313 0.020313
0 0.442188 0.312500 0.018750 0.018750
0 0.458594 0.315625 0.020313 0.018750
0 0.416406 0.372656 0.020313 0.020313
0 0.402344 0.385156 0.020313 0.020313
0 0.804688 0.386719 0.018750 0.020313
0 0.434375 0.423438 0.018750 0.018750
0 0.403906 0.425000 0.020313 0.018750
0 0.418750 0.435937 0.018750 0.018750
0 0.358594 0.479687 0.020313 0.018750
0 0.404687 0.501563 0.018750 0.018750
0 0.438281 0.515625 0.020313 0.018750
