0 0.164844 0.020313 0.020313 0.018750
0 0.704688 0.216406 0.018750 0.020313
0 0.659375 0.250781 0.018750 0.020313
0 0.446875 0.318750 0.018750 0.018750
0 0.416406 0.346875 0.020313 0.018750
0 0.439063 0.354687 0.018750 0.018750
0 0.398438 0.386719 0.018750 0.020313
0 0.423438 0.397656 0.018750 0.020313
0 0.552344 0.401562 0.020313 0.018750
0 0.560937 0.440625 0.018750 0.018750
0 0.798438 0.486719 0.018750 0.020313
0 0.391406 0.518750 0.020313 0.018750
0 0.751563 0.560937 0.018750 0.018750
0 0.804688 0.571875 0.018750 0.018750
