0 0.164844 0.020313 0.020313 0.018750
0 0.744531 0.206250 0.020313 0.018750
0 0.762500 0.212500 0.018750 0.018750
0 0.817187 0.240625 0.018750 0.018750
0 0.484375 0.282031 0.018750 0.020313
0 0.509375 0.283594 0.018750 0.020313
0 0.449219 0.298438 0.020313 0.018750
0 0.427344 0.315625 0.020313 0.018750
0 0.329688 0.330469 0.018750 0.020313
0 0.385937 0.348438 0.018750 0.018750
0 0.443750 0.350781 0.018750 0.020313
0 0.416406 0.372656 0.020313 0.020313
0 0.402344 0.415625 0.020313 0.018750
0 0.435937 0.489063 0.018750 0.018750
