0 0.446875 0.314063 0.018750 0.018750
0 0.440625 0.353125 0.018750 0.018750
0 0.423438 0.365625 0.018750 0.018750
0 0.417187 0.393750 0.018750 0.018750
0 0.412500 0.412500 0.018750 0.018750
0 0.427344 0.425000 0.020313 0.018750
0 0.425781 0.428906 0.020313 0.020313
0 0.798438 0.434375 0.018750 0.018750
0 0.811719 0.442969 0.020313 0.020313
0 0.350000 0.468750 0.018750 0.018750
0 0.400000 0.504687 0.018750 0.018750
0 0.440625 0.514062 0.018750 0.018750
0 0.720313 0.626563 0.018750 0.018750
0 0.098437 0.951562 0.018750 0.018750
