0 0.164844 0.020313 0.020313 0.018750
0 0.802344 0.209375 0.020313 0.018750
0 0.815625 0.232813 0.018750 0.018750
0 0.621875 0.254688 0.018750 0.018750
0 0.571875 0.276562 0.018750 0.018750
0 0.439063 0.312500 0.018750 0.018750
0 0.458594 0.315625 0.020313 0.018750
0 0.815625 0.371875 0.018750 0.018750
0 0.416406 0.372656 0.020313 0.020313
0 0.401562 0.386719 0.018750 0.020313
0 0.403906 0.425000 0.020313 0.018750
0 0.350000 0.471875 0.018750 0.018750
0 0.409375 0.504687 0.018750 0.018750
0 0.438281 0.515625 0.020313 0.018750
