0 0.164844 0.020313 0.020313 0.018750
0 0.704688 0.217188 0.018750 0.018750
0 0.657813 0.251563 0.018750 0.018750
0 0.414844 0.348438 0.020313 0.018750
0 0.439063 0.356250 0.018750 0.018750
0 0.384375 0.360938 0.018750 0.018750
0 0.400000 0.386719 0.018750 0.020313
0 0.418750 0.398438 0.018750 0.018750
0 0.559375 0.439063 0.018750 0.018750
0 0.403906 0.489063 0.020313 0.018750
0 0.789844 0.493750 0.020313 0.018750
0 0.391406 0.518750 0.020313 0.018750
0 0.742188 0.578906 0.018750 0.020313
0 0.789844 0.585938 0.020313 0.018750
0 0.050781 0.940625 0.020313 0.018750
