0 0.164844 0.020313 0.020313 0.018750
0 0.659375 0.253125 0.018750 0.018750
0 0.401562 0.330469 0.018750 0.020313
0 0.413281 0.342187 0.020313 0.018750
0 0.439063 0.353125 0.018750 0.018750
0 0.382812 0.359375 0.018750 0.018750
0 0.398438 0.387500 0.018750 0.018750
0 0.417187 0.393750 0.018750 0.018750
0 0.561719 0.437500 0.020313 0.018750
0 0.831250 0.492188 0.018750 0.018750
0 0.382031 0.504687 0.020313 0.018750
0 0.431250 0.511719 0.018750 0.020313
0 0.821875 0.515625 0.018750 0.018750
0 0.742969 0.595313 0.020313 0.018750
