0 0.164844 0.018750 0.020313 0.018750
0 0.699219 0.209375 0.020313 0.018750
0 0.646875 0.243750 0.018750 0.018750
0 0.846094 0.314063 0.020313 0.018750
0 0.864062 0.332813 0.018750 0.018750
0 0.420312 0.371875 0.018750 0.018750
0 0.402344 0.385156 0.020313 0.020313
0 0.456250 0.395313 0.018750 0.018750
0 0.412500 0.406250 0.018750 0.018750
0 0.403906 0.425000 0.020313 0.018750
0 0.421875 0.432812 0.018750 0.018750
0 0.796875 0.489063 0.018750 0.018750
0 0.416406 0.515625 0.020313 0.018750
0 0.440625 0.515625 0.018750 0.018750
