0 0.164844 0.020313 0.020313 0.018750
0 0.407813 0.350781 0.018750 0.020313
0 0.440625 0.354687 0.018750 0.018750
0 0.400000 0.389062 0.018750 0.018750
0 0.421875 0.398438 0.018750 0.018750
0 0.550781 0.400000 0.020313 0.018750
0 0.560937 0.435937 0.018750 0.018750
0 0.436719 0.501563 0.020313 0.018750
0 0.442188 0.504687 0.018750 0.018750
0 0.428125 0.507812 0.018750 0.018750
0 0.425781 0.510156 0.020313 0.020313
0 0.776563 0.517188 0.018750 0.018750
0 0.762500 0.607812 0.018750 0.018750
0 0.734375 0.614062 0.018750 0.018750
0 0.006250 0.809375 0.012500 0.018750
0 0.010937 0.810937 0.018750 0.018750
0 0.015625 0.815625 0.018750 0.018750
0 0.020313 0.820312 0.018750 0.018750
