0 0.164844 0.020313 0.020313 0.018750
0 0.706250 0.218750 0.018750 0.018750
0 0.685937 0.242188 0.018750 0.018750
0 0.656250 0.253125 0.018750 0.018750
0 0.443750 0.326562 0.018750 0.018750
0 0.440625 0.353125 0.018750 0.018750
0 0.398438 0.389062 0.018750 0.018750
0 0.428125 0.395313 0.018750 0.018750
0 0.559375 0.435937 0.018750 0.018750
0 0.543750 0.448437 0.018750 0.018750
0 0.414844 0.511719 0.020313 0.020313
0 0.439063 0.512500 0.018750 0.018750
0 0.735938 0.617188 0.018750 0.018750
0 0.675781 0.647656 0.020313 0.020313
0 0.692187 0.665625 0.018750 0.018750
