0 0.164844 0.020313 0.020313 0.018750
0 0.445312 0.321875 0.018750 0.018750
0 0.423438 0.334375 0.018750 0.018750
0 0.440625 0.354687 0.018750 0.018750
0 0.400000 0.387500 0.018750 0.018750
0 0.421875 0.398438 0.018750 0.018750
0 0.560937 0.435937 0.018750 0.018750
0 0.777344 0.514062 0.020313 0.018750
0 0.766406 0.607812 0.020313 0.018750
0 0.735938 0.613281 0.018750 0.020313
0 0.004687 0.803906 0.009375 0.020313
0 0.007812 0.807031 0.015625 0.020313
0 0.014063 0.810937 0.018750 0.018750
0 0.018750 0.812500 0.018750 0.018750
0 0.028906 0.814063 0.020313 0.018750
0 0.020313 0.816406 0.018750 0.020313
