0 0.164844 0.020313 0.020313 0.018750
0 0.445312 0.310937 0.018750 0.018750
0 0.439063 0.353125 0.018750 0.018750
0 0.384375 0.357812 0.018750 0.018750
0 0.425781 0.364063 0.020313 0.018750
0 0.418750 0.392188 0.018750 0.018750
0 0.424219 0.430469 0.020313 0.020313
0 0.799219 0.432812 0.020313 0.018750
0 0.815625 0.452344 0.018750 0.020313
0 0.414844 0.510156 0.020313 0.020313
0 0.440625 0.514062 0.018750 0.018750
0 0.718750 0.626563 0.018750 0.018750
0 0.008594 0.650000 0.017188 0.018750
0 0.006250 0.653125 0.012500 0.018750
