0 0.164844 0.020313 0.020313 0.018750
0 0.726562 0.212500 0.018750 0.018750
0 0.806250 0.212500 0.018750 0.018750
0 0.748437 0.214844 0.018750 0.020313
0 0.501563 0.250781 0.018750 0.020313
0 0.458594 0.275000 0.020313 0.018750
0 0.479687 0.278125 0.018750 0.018750
0 0.498437 0.278125 0.018750 0.018750
0 0.425781 0.315625 0.020313 0.018750
0 0.343750 0.320312 0.018750 0.018750
0 0.442188 0.350000 0.018750 0.018750
0 0.414844 0.368750 0.020313 0.018750
0 0.400000 0.386719 0.018750 0.020313
0 0.402344 0.412500 0.020313 0.018750
