0 0.164844 0.020313 0.020313 0.018750
0 0.659375 0.253125 0.018750 0.018750
0 0.407813 0.337500 0.018750 0.018750
0 0.439063 0.353125 0.018750 0.018750
0 0.382812 0.359375 0.018750 0.018750
0 0.398438 0.387500 0.018750 0.018750
0 0.417187 0.393750 0.018750 0.018750
0 0.560937 0.437500 0.018750 0.018750
0 0.434375 0.486719 0.018750 0.020313
0 0.833594 0.489063 0.020313 0.018750
0 0.382031 0.506250 0.020313 0.018750
0 0.821875 0.511719 0.018750 0.020313
0 0.431250 0.512500 0.018750 0.018750
0 0.742188 0.600000 0.018750 0.018750
