0 0.164844 0.020313 0.020313 0.018750
0 0.703125 0.209375 0.018750 0.018750
0 0.654687 0.243750 0.018750 0.018750
0 0.445312 0.307031 0.018750 0.020313
0 0.839063 0.342187 0.018750 0.018750
0 0.862500 0.361719 0.018750 0.020313
0 0.420312 0.370312 0.018750 0.018750
0 0.401562 0.382812 0.018750 0.018750
0 0.456250 0.393750 0.018750 0.018750
0 0.412500 0.407031 0.018750 0.020313
0 0.467187 0.415625 0.018750 0.018750
0 0.403906 0.425000 0.020313 0.018750
0 0.420312 0.432812 0.018750 0.018750
0 0.789844 0.497656 0.020313 0.020313
0 0.439063 0.511719 0.018750 0.020313
