0 0.164844 0.020313 0.020313 0.018750
0 0.799219 0.202344 0.020313 0.020313
0 0.806250 0.217188 0.018750 0.018750
0 0.600000 0.243750 0.018750 0.018750
0 0.606250 0.265625 0.018750 0.018750
0 0.552344 0.283594 0.020313 0.020313
0 0.457813 0.307812 0.018750 0.018750
0 0.435937 0.316406 0.018750 0.020313
0 0.832812 0.353125 0.018750 0.018750
0 0.416406 0.372656 0.020313 0.020313
0 0.402344 0.386719 0.020313 0.020313
0 0.404687 0.425000 0.018750 0.018750
0 0.427344 0.425000 0.020313 0.018750
0 0.461719 0.473438 0.020313 0.018750
0 0.414844 0.501563 0.020313 0.018750
0 0.438281 0.515625 0.020313 0.018750
