0 0.164844 0.020313 0.020313 0.018750
0 0.384375 0.360938 0.018750 0.018750
0 0.400000 0.387500 0.018750 0.018750
0 0.423438 0.397656 0.018750 0.020313
0 0.560937 0.435937 0.018750 0.018750
0 0.482031 0.471875 0.020313 0.018750
0 0.439063 0.507812 0.018750 0.018750
0 0.770312 0.526563 0.018750 0.018750
0 0.753906 0.604688 0.020313 0.018750
0 0.728125 0.622656 0.018750 0.020313
0 0.004687 0.803906 0.009375 0.020313
0 0.007031 0.805469 0.014063 0.020313
0 0.008594 0.807031 0.017188 0.020313
0 0.015625 0.810937 0.018750 0.018750
0 0.017969 0.815625 0.020313 0.018750
0 0.025000 0.816406 0.018750 0.020313
