0 0.164844 0.020313 0.020313 0.018750
0 0.789844 0.202344 0.020313 0.020313
0 0.803125 0.212500 0.018750 0.018750
0 0.597656 0.270313 0.020313 0.018750
0 0.456250 0.307812 0.018750 0.018750
0 0.434375 0.315625 0.018750 0.018750
0 0.839063 0.345313 0.018750 0.018750
0 0.442188 0.350781 0.018750 0.020313
0 0.416406 0.374219 0.020313 0.020313
0 0.401562 0.386719 0.018750 0.020313
0 0.403906 0.425000 0.020313 0.018750
0 0.336719 0.440625 0.020313 0.018750
0 0.417187 0.503125 0.018750 0.018750
0 0.436719 0.515625 0.020313 0.018750
