0 0.164844 0.020313 0.020313 0.018750
0 0.742188 0.207813 0.018750 0.018750
0 0.760938 0.210938 0.018750 0.018750
0 0.817187 0.235937 0.018750 0.018750
0 0.485938 0.282031 0.018750 0.020313
0 0.505469 0.282031 0.020313 0.020313
0 0.450781 0.296875 0.020313 0.018750
0 0.425781 0.315625 0.020313 0.018750
0 0.333594 0.326562 0.020313 0.018750
0 0.416406 0.371875 0.020313 0.018750
0 0.401562 0.387500 0.018750 0.018750
0 0.403906 0.414062 0.020313 0.018750
0 0.439063 0.488281 0.018750 0.020313
0 0.481250 0.520312 0.018750 0.018750
