0 0.164844 0.020313 0.020313 0.018750
0 0.796875 0.202344 0.018750 0.020313
0 0.803125 0.217188 0.018750 0.018750
0 0.600000 0.246875 0.018750 0.018750
0 0.603125 0.268750 0.018750 0.018750
0 0.549219 0.282031 0.020313 0.020313
0 0.457813 0.307812 0.018750 0.018750
0 0.435937 0.316406 0.018750 0.020313
0 0.835156 0.350781 0.020313 0.020313
0 0.416406 0.372656 0.020313 0.020313
0 0.401562 0.386719 0.018750 0.020313
0 0.404687 0.425000 0.018750 0.018750
0 0.427344 0.426563 0.020313 0.018750
0 0.340625 0.450000 0.018750 0.018750
0 0.461719 0.473438 0.020313 0.018750
0 0.414844 0.501563 0.020313 0.018750
0 0.438281 0.515625 0.020313 0.018750
