0 0.164844 0.020313 0.020313 0.018750
0 0.703125 0.207813 0.018750 0.018750
0 0.654687 0.243750 0.018750 0.018750
0 0.446875 0.307812 0.018750 0.018750
0 0.837500 0.345313 0.018750 0.018750
0 0.439063 0.353125 0.018750 0.018750
0 0.860938 0.363281 0.018750 0.020313
0 0.421875 0.372656 0.018750 0.020313
0 0.398438 0.382812 0.018750 0.018750
0 0.413281 0.406250 0.020313 0.018750
0 0.467187 0.415625 0.018750 0.018750
0 0.403906 0.425000 0.020313 0.018750
0 0.418750 0.432812 0.018750 0.018750
0 0.788281 0.499219 0.020313 0.020313
0 0.439063 0.511719 0.018750 0.020313
