0 0.164844 0.020313 0.020313 0.018750
0 0.706250 0.216406 0.018750 0.020313
0 0.657813 0.253125 0.018750 0.018750
0 0.401562 0.335938 0.018750 0.018750
0 0.418750 0.350000 0.018750 0.018750
0 0.440625 0.354687 0.018750 0.018750
0 0.382812 0.359375 0.018750 0.018750
0 0.398438 0.386719 0.018750 0.020313
0 0.552344 0.400000 0.020313 0.018750
0 0.560937 0.439063 0.018750 0.018750
0 0.818750 0.481250 0.018750 0.018750
0 0.387500 0.518750 0.018750 0.018750
0 0.818750 0.550000 0.018750 0.018750
0 0.750000 0.562500 0.018750 0.018750
