0 0.164844 0.020313 0.020313 0.018750
0 0.773438 0.201563 0.018750 0.018750
0 0.765625 0.210938 0.018750 0.018750
0 0.496094 0.270313 0.020313 0.018750
0 0.553125 0.287500 0.018750 0.018750
0 0.503906 0.290625 0.020313 0.018750
0 0.835156 0.292969 0.020313 0.020313
0 0.451562 0.303125 0.018750 0.018750
0 0.431250 0.316406 0.018750 0.020313
0 0.414844 0.372656 0.020313 0.020313
0 0.324219 0.385156 0.020313 0.020313
0 0.402344 0.389062 0.020313 0.018750
0 0.404687 0.425000 0.018750 0.018750
0 0.435937 0.492188 0.018750 0.018750
0 0.462500 0.521094 0.018750 0.020313
