0 0.164844 0.020313 0.020313 0.018750
0 0.778906 0.202344 0.020313 0.020313
0 0.765625 0.207813 0.018750 0.018750
0 0.510938 0.270313 0.018750 0.018750
0 0.403906 0.275000 0.020313 0.018750
0 0.567187 0.282031 0.018750 0.020313
0 0.514062 0.292969 0.018750 0.020313
0 0.450781 0.303906 0.020313 0.020313
0 0.840625 0.307812 0.018750 0.018750
0 0.432812 0.316406 0.018750 0.020313
0 0.414844 0.372656 0.020313 0.020313
0 0.401562 0.390625 0.018750 0.018750
0 0.325781 0.398438 0.020313 0.018750
0 0.409375 0.435937 0.018750 0.018750
0 0.449219 0.520312 0.020313 0.018750
