0 0.164844 0.020313 0.020313 0.018750
0 0.706250 0.216406 0.018750 0.020313
0 0.657813 0.251563 0.018750 0.018750
0 0.414844 0.350000 0.020313 0.018750
0 0.384375 0.360938 0.018750 0.018750
0 0.400000 0.386719 0.018750 0.020313
0 0.418750 0.398438 0.018750 0.018750
0 0.559375 0.439063 0.018750 0.018750
0 0.789844 0.493750 0.020313 0.018750
0 0.438281 0.508594 0.020313 0.020313
0 0.391406 0.518750 0.020313 0.018750
0 0.742188 0.581250 0.018750 0.018750
0 0.788281 0.587500 0.020313 0.018750
0 0.050781 0.940625 0.020313 0.018750
