0 0.164844 0.020313 0.020313 0.018750
0 0.704688 0.216406 0.018750 0.020313
0 0.657813 0.251563 0.018750 0.018750
0 0.446875 0.316406 0.018750 0.020313
0 0.398438 0.386719 0.018750 0.020313
0 0.423438 0.397656 0.018750 0.020313
0 0.032813 0.428125 0.018750 0.018750
0 0.559375 0.441406 0.018750 0.020313
0 0.458594 0.470313 0.020313 0.018750
0 0.807813 0.479687 0.018750 0.018750
0 0.431250 0.511719 0.018750 0.020313
0 0.390625 0.517188 0.018750 0.018750
0 0.753125 0.553906 0.018750 0.020313
0 0.813281 0.562500 0.020313 0.018750
