0 0.164844 0.020313 0.020313 0.018750
0 0.704688 0.217188 0.018750 0.018750
0 0.657813 0.251563 0.018750 0.018750
0 0.440625 0.354687 0.018750 0.018750
0 0.384375 0.360938 0.018750 0.018750
0 0.398438 0.386719 0.018750 0.020313
0 0.420312 0.397656 0.018750 0.020313
0 0.559375 0.439063 0.018750 0.018750
0 0.401562 0.490625 0.018750 0.018750
0 0.792188 0.495312 0.018750 0.018750
0 0.436719 0.508594 0.020313 0.020313
0 0.389062 0.520312 0.018750 0.018750
0 0.744531 0.575000 0.020313 0.018750
0 0.793750 0.582812 0.018750 0.018750
