0 0.164844 0.020313 0.020313 0.018750
0 0.657813 0.253125 0.018750 0.018750
0 0.414844 0.348438 0.020313 0.018750
0 0.440625 0.353125 0.018750 0.018750
0 0.382812 0.360938 0.018750 0.018750
0 0.398438 0.386719 0.018750 0.020313
0 0.416406 0.393750 0.020313 0.018750
0 0.560937 0.439063 0.018750 0.018750
0 0.436719 0.488281 0.020313 0.020313
0 0.825781 0.490625 0.020313 0.018750
0 0.431250 0.511719 0.018750 0.020313
0 0.385937 0.515625 0.018750 0.018750
0 0.818750 0.533594 0.018750 0.020313
0 0.746094 0.576562 0.020313 0.018750
