0 0.164844 0.018750 0.020313 0.018750
0 0.818750 0.242188 0.018750 0.018750
0 0.600000 0.265625 0.018750 0.018750
0 0.831250 0.265625 0.018750 0.018750
0 0.436719 0.307031 0.020313 0.020313
0 0.460156 0.315625 0.020313 0.018750
0 0.416406 0.370312 0.020313 0.018750
0 0.412500 0.382812 0.018750 0.018750
0 0.788281 0.406250 0.020313 0.018750
0 0.403906 0.426563 0.020313 0.018750
0 0.416406 0.434375 0.020313 0.018750
0 0.443750 0.435937 0.018750 0.018750
0 0.371875 0.492188 0.018750 0.018750
0 0.398438 0.501563 0.018750 0.018750
