0 0.164844 0.020313 0.020313 0.018750
0 0.708594 0.225781 0.020313 0.020313
0 0.656250 0.253125 0.018750 0.018750
0 0.483594 0.296875 0.020313 0.018750
0 0.440625 0.352344 0.018750 0.020313
0 0.427344 0.395313 0.020313 0.018750
0 0.557813 0.437500 0.018750 0.018750
0 0.541406 0.451562 0.020313 0.018750
0 0.416406 0.508594 0.020313 0.020313
0 0.440625 0.511719 0.018750 0.020313
0 0.689063 0.637500 0.018750 0.018750
0 0.701562 0.665625 0.018750 0.018750
0 0.667188 0.710938 0.018750 0.018750
0 0.017969 0.943750 0.020313 0.018750
