0 0.164844 0.018750 0.020313 0.018750
0 0.800781 0.203906 0.020313 0.020313
0 0.809375 0.218750 0.018750 0.018750
0 0.554688 0.282031 0.018750 0.020313
0 0.458594 0.309375 0.020313 0.018750
0 0.436719 0.315625 0.020313 0.018750
0 0.829688 0.357812 0.018750 0.018750
0 0.416406 0.372656 0.020313 0.020313
0 0.402344 0.385156 0.020313 0.020313
0 0.428125 0.421875 0.018750 0.018750
0 0.403906 0.425000 0.020313 0.018750
0 0.343750 0.455469 0.018750 0.020313
0 0.461719 0.473438 0.020313 0.018750
0 0.438281 0.515625 0.020313 0.018750
