0 0.164844 0.018750 0.020313 0.018750
0 0.824219 0.257812 0.020313 0.018750
0 0.837500 0.278125 0.018750 0.018750
0 0.439063 0.312500 0.018750 0.018750
0 0.457813 0.315625 0.018750 0.018750
0 0.382812 0.345313 0.018750 0.018750
0 0.414844 0.371875 0.020313 0.018750
0 0.424219 0.382812 0.020313 0.018750
0 0.788281 0.421094 0.020313 0.020313
0 0.403906 0.425000 0.020313 0.018750
0 0.416406 0.434375 0.020313 0.018750
0 0.442188 0.441406 0.018750 0.020313
0 0.431250 0.466406 0.018750 0.020313
0 0.382031 0.501563 0.020313 0.018750
0 0.439063 0.512500 0.018750 0.018750
