0 0.164844 0.018750 0.020313 0.018750
0 0.742188 0.207813 0.018750 0.018750
0 0.760938 0.210938 0.018750 0.018750
0 0.817187 0.238281 0.018750 0.020313
0 0.458594 0.250781 0.020313 0.020313
0 0.485938 0.282031 0.018750 0.020313
0 0.507031 0.282031 0.020313 0.020313
0 0.449219 0.298438 0.020313 0.018750
0 0.427344 0.315625 0.020313 0.018750
0 0.331250 0.327344 0.018750 0.020313
0 0.443750 0.350781 0.018750 0.020313
0 0.416406 0.371875 0.020313 0.018750
0 0.401562 0.387500 0.018750 0.018750
0 0.402344 0.414062 0.020313 0.018750
0 0.438281 0.488281 0.020313 0.020313
0 0.481250 0.520312 0.018750 0.018750
