0 0.164844 0.020313 0.020313 0.018750
0 0.781250 0.202344 0.018750 0.020313
0 0.765625 0.207813 0.018750 0.018750
0 0.512500 0.271094 0.018750 0.020313
0 0.403906 0.275000 0.020313 0.018750
0 0.568750 0.282031 0.018750 0.020313
0 0.515625 0.292969 0.018750 0.020313
0 0.450781 0.303906 0.020313 0.020313
0 0.842187 0.309375 0.018750 0.018750
0 0.432812 0.316406 0.018750 0.020313
0 0.416406 0.374219 0.020313 0.020313
0 0.401562 0.390625 0.018750 0.018750
0 0.326562 0.401562 0.018750 0.018750
0 0.410938 0.435937 0.018750 0.018750
0 0.447656 0.521094 0.020313 0.020313
