0 0.164844 0.020313 0.020313 0.018750
0 0.799219 0.206250 0.020313 0.018750
0 0.721094 0.213281 0.020313 0.020313
0 0.742188 0.217188 0.018750 0.018750
0 0.461719 0.278125 0.020313 0.018750
0 0.500000 0.279687 0.018750 0.018750
0 0.425781 0.316406 0.020313 0.020313
0 0.346094 0.318750 0.020313 0.018750
0 0.442188 0.323437 0.018750 0.018750
0 0.442188 0.346875 0.018750 0.018750
0 0.410938 0.363281 0.018750 0.020313
0 0.401562 0.383594 0.018750 0.020313
0 0.403906 0.414062 0.020313 0.018750
0 0.485938 0.521094 0.018750 0.020313
