0 0.164844 0.018750 0.020313 0.018750
0 0.802344 0.206250 0.020313 0.018750
0 0.814063 0.228125 0.018750 0.018750
0 0.617188 0.258594 0.018750 0.020313
0 0.438281 0.312500 0.020313 0.018750
0 0.458594 0.312500 0.020313 0.018750
0 0.442188 0.350781 0.018750 0.020313
0 0.821875 0.365625 0.018750 0.018750
0 0.416406 0.372656 0.020313 0.020313
0 0.401562 0.386719 0.018750 0.020313
0 0.435937 0.421875 0.018750 0.018750
0 0.403906 0.425000 0.020313 0.018750
0 0.346094 0.466406 0.020313 0.020313
0 0.409375 0.504687 0.018750 0.018750
0 0.438281 0.515625 0.020313 0.018750
