0 0.164844 0.020313 0.020313 0.018750
0 0.751563 0.203906 0.018750 0.020313
0 0.764062 0.212500 0.018750 0.018750
0 0.475000 0.240625 0.018750 0.018750
0 0.820312 0.250781 0.018750 0.020313
0 0.483594 0.282031 0.020313 0.020313
0 0.517969 0.284375 0.020313 0.018750
0 0.449219 0.300000 0.020313 0.018750
0 0.429688 0.312500 0.018750 0.018750
0 0.443750 0.350781 0.018750 0.020313
0 0.416406 0.371875 0.020313 0.018750
0 0.401562 0.389062 0.018750 0.018750
0 0.434375 0.492188 0.018750 0.018750
0 0.481250 0.521094 0.018750 0.020313
