0 0.164844 0.018750 0.020313 0.018750
0 0.681250 0.245312 0.018750 0.018750
0 0.656250 0.253125 0.018750 0.018750
0 0.443750 0.326562 0.018750 0.018750
0 0.398438 0.341406 0.018750 0.020313
0 0.398438 0.389062 0.018750 0.018750
0 0.428125 0.395313 0.018750 0.018750
0 0.559375 0.434375 0.018750 0.018750
0 0.546875 0.448437 0.018750 0.018750
0 0.439063 0.512500 0.018750 0.018750
0 0.414844 0.518750 0.020313 0.018750
0 0.737500 0.611719 0.018750 0.020313
0 0.675781 0.647656 0.020313 0.020313
0 0.695312 0.660937 0.018750 0.018750
