0 0.164844 0.018750 0.020313 0.018750
0 0.795312 0.202344 0.018750 0.020313
0 0.803125 0.214844 0.018750 0.020313
0 0.603125 0.268750 0.018750 0.018750
0 0.457813 0.307812 0.018750 0.018750
0 0.434375 0.316406 0.018750 0.020313
0 0.836719 0.348438 0.020313 0.018750
0 0.442188 0.350781 0.018750 0.020313
0 0.416406 0.372656 0.020313 0.020313
0 0.401562 0.387500 0.018750 0.018750
0 0.403906 0.425000 0.020313 0.018750
0 0.425781 0.428906 0.020313 0.020313
0 0.339062 0.446875 0.018750 0.018750
0 0.414844 0.503125 0.020313 0.018750
0 0.436719 0.515625 0.020313 0.018750
