0 0.164844 0.018750 0.020313 0.018750
0 0.699219 0.209375 0.020313 0.018750
0 0.650000 0.242188 0.018750 0.018750
0 0.847656 0.316406 0.020313 0.020313
0 0.865625 0.334375 0.018750 0.018750
0 0.442188 0.348438 0.018750 0.018750
0 0.421875 0.371875 0.018750 0.018750
0 0.401562 0.383594 0.018750 0.020313
0 0.412500 0.404687 0.018750 0.018750
0 0.403906 0.425000 0.020313 0.018750
0 0.421875 0.432812 0.018750 0.018750
0 0.795312 0.489063 0.018750 0.018750
0 0.417187 0.515625 0.018750 0.018750
0 0.439063 0.515625 0.018750 0.018750
