0 0.164844 0.018750 0.020313 0.018750
0 0.706250 0.216406 0.018750 0.020313
0 0.657813 0.250781 0.018750 0.020313
0 0.439063 0.354687 0.018750 0.018750
0 0.398438 0.386719 0.018750 0.020313
0 0.423438 0.397656 0.018750 0.020313
0 0.514062 0.400000 0.018750 0.018750
0 0.560937 0.440625 0.018750 0.018750
0 0.796875 0.490625 0.018750 0.018750
0 0.398438 0.497656 0.018750 0.020313
0 0.391406 0.518750 0.020313 0.018750
0 0.748437 0.565625 0.018750 0.018750
0 0.800781 0.575000 0.020313 0.018750
0 0.050781 0.942969 0.020313 0.020313
