0 0.164844 0.018750 0.020313 0.018750
0 0.704688 0.217188 0.018750 0.018750
0 0.449219 0.309375 0.020313 0.018750
0 0.398438 0.326562 0.018750 0.018750
0 0.440625 0.352344 0.018750 0.020313
0 0.382812 0.360938 0.018750 0.018750
0 0.418750 0.367188 0.018750 0.018750
0 0.398438 0.386719 0.018750 0.020313
0 0.417187 0.393750 0.018750 0.018750
0 0.799219 0.434375 0.020313 0.018750
0 0.824219 0.456250 0.020313 0.018750
0 0.425781 0.467187 0.020313 0.018750
0 0.432812 0.488281 0.018750 0.020313
0 0.378125 0.501563 0.018750 0.018750
0 0.439063 0.511719 0.018750 0.020313
0 0.721094 0.626563 0.020313 0.018750
