0 0.164844 0.018750 0.020313 0.018750
0 0.689063 0.240625 0.018750 0.018750
0 0.656250 0.253125 0.018750 0.018750
0 0.443750 0.326562 0.018750 0.018750
0 0.402344 0.332813 0.020313 0.018750
0 0.440625 0.353125 0.018750 0.018750
0 0.400000 0.389062 0.018750 0.018750
0 0.428125 0.395313 0.018750 0.018750
0 0.559375 0.435937 0.018750 0.018750
0 0.543750 0.448437 0.018750 0.018750
0 0.414844 0.511719 0.020313 0.020313
0 0.439063 0.511719 0.018750 0.020313
0 0.731250 0.621875 0.018750 0.018750
0 0.678125 0.647656 0.018750 0.020313
0 0.689063 0.669531 0.018750 0.020313
