0 0.164844 0.018750 0.020313 0.018750
0 0.706250 0.223438 0.018750 0.018750
0 0.677344 0.249219 0.020313 0.020313
0 0.656250 0.254688 0.018750 0.018750
0 0.443750 0.326562 0.018750 0.018750
0 0.398438 0.389062 0.018750 0.018750
0 0.427344 0.395313 0.020313 0.018750
0 0.424219 0.482812 0.020313 0.018750
0 0.464062 0.486719 0.018750 0.020313
0 0.440625 0.510156 0.018750 0.020313
0 0.416406 0.523438 0.020313 0.018750
0 0.742969 0.596875 0.020313 0.018750
0 0.700781 0.647656 0.020313 0.020313
0 0.678125 0.648438 0.018750 0.018750
