0 0.164844 0.018750 0.020313 0.018750
0 0.776563 0.201563 0.018750 0.018750
0 0.798438 0.207813 0.018750 0.018750
0 0.586719 0.273438 0.020313 0.018750
0 0.534375 0.275000 0.018750 0.018750
0 0.532813 0.294531 0.018750 0.020313
0 0.451562 0.307031 0.018750 0.020313
0 0.432812 0.315625 0.018750 0.018750
0 0.847656 0.334375 0.020313 0.018750
0 0.443750 0.350781 0.018750 0.020313
0 0.416406 0.372656 0.020313 0.020313
0 0.400000 0.387500 0.018750 0.018750
0 0.402344 0.423438 0.020313 0.018750
0 0.331250 0.425000 0.018750 0.018750
0 0.436719 0.517188 0.020313 0.018750
