0 0.164844 0.018750 0.020313 0.018750
0 0.821875 0.247656 0.018750 0.020313
0 0.604688 0.264062 0.018750 0.018750
0 0.832812 0.270313 0.018750 0.018750
0 0.438281 0.307812 0.020313 0.018750
0 0.457813 0.315625 0.018750 0.018750
0 0.416406 0.381250 0.020313 0.018750
0 0.785937 0.408594 0.018750 0.020313
0 0.403906 0.425000 0.020313 0.018750
0 0.416406 0.434375 0.020313 0.018750
0 0.358594 0.463281 0.020313 0.020313
0 0.375000 0.495312 0.018750 0.018750
0 0.398438 0.497656 0.018750 0.020313
0 0.439063 0.512500 0.018750 0.018750
