0 0.164844 0.018750 0.020313 0.018750
0 0.700781 0.207813 0.020313 0.018750
0 0.652344 0.240625 0.020313 0.018750
0 0.443750 0.309375 0.018750 0.018750
0 0.443750 0.328906 0.018750 0.020313
0 0.845313 0.335938 0.018750 0.018750
0 0.867969 0.353125 0.020313 0.018750
0 0.420312 0.371875 0.018750 0.018750
0 0.402344 0.381250 0.020313 0.018750
0 0.456250 0.393750 0.018750 0.018750
0 0.413281 0.404687 0.020313 0.018750
0 0.403906 0.425000 0.020313 0.018750
0 0.420312 0.432812 0.018750 0.018750
0 0.789844 0.493750 0.020313 0.018750
