0 0.164844 0.018750 0.020313 0.018750
0 0.641406 0.239063 0.020313 0.018750
0 0.821875 0.250781 0.018750 0.020313
0 0.606250 0.262500 0.018750 0.018750
0 0.835156 0.273438 0.020313 0.018750
0 0.438281 0.307812 0.020313 0.018750
0 0.457813 0.315625 0.018750 0.018750
0 0.418750 0.379688 0.018750 0.018750
0 0.785937 0.414062 0.018750 0.018750
0 0.403906 0.425000 0.020313 0.018750
0 0.416406 0.434375 0.020313 0.018750
0 0.446875 0.441406 0.018750 0.020313
0 0.378906 0.497656 0.020313 0.020313
0 0.439063 0.512500 0.018750 0.018750
