0 0.164844 0.018750 0.020313 0.018750
0 0.699219 0.206250 0.020313 0.018750
0 0.651563 0.239063 0.018750 0.018750
0 0.443750 0.309375 0.018750 0.018750
0 0.847656 0.332813 0.020313 0.018750
0 0.867188 0.352344 0.018750 0.020313
0 0.421875 0.371875 0.018750 0.018750
0 0.401562 0.381250 0.018750 0.018750
0 0.456250 0.393750 0.018750 0.018750
0 0.413281 0.404687 0.020313 0.018750
0 0.403906 0.425000 0.020313 0.018750
0 0.420312 0.432812 0.018750 0.018750
0 0.789844 0.492188 0.020313 0.018750
0 0.401562 0.493750 0.018750 0.018750
