0 0.164844 0.018750 0.020313 0.018750
0 0.440625 0.310937 0.018750 0.018750
0 0.458594 0.315625 0.020313 0.018750
0 0.440625 0.352344 0.018750 0.020313
0 0.382031 0.360938 0.020313 0.018750
0 0.423438 0.364063 0.018750 0.018750
0 0.396875 0.387500 0.018750 0.018750
0 0.831250 0.403125 0.018750 0.018750
0 0.802344 0.421094 0.020313 0.020313
0 0.401562 0.430469 0.018750 0.020313
0 0.400000 0.495312 0.018750 0.018750
0 0.429688 0.495312 0.018750 0.018750
0 0.438281 0.517188 0.020313 0.018750
0 0.744531 0.578906 0.020313 0.020313
