0 0.164844 0.018750 0.020313 0.018750
0 0.817187 0.238281 0.018750 0.020313
0 0.640625 0.243750 0.018750 0.018750
0 0.828125 0.261719 0.018750 0.020313
0 0.597656 0.267188 0.020313 0.018750
0 0.438281 0.307812 0.020313 0.018750
0 0.460156 0.315625 0.020313 0.018750
0 0.417187 0.372656 0.018750 0.020313
0 0.407813 0.382812 0.018750 0.018750
0 0.792188 0.400000 0.018750 0.018750
0 0.403906 0.425000 0.020313 0.018750
0 0.440625 0.432031 0.018750 0.020313
0 0.416406 0.432812 0.020313 0.018750
0 0.369531 0.489063 0.020313 0.018750
0 0.398438 0.500781 0.018750 0.020313
0 0.438281 0.512500 0.020313 0.018750
