0 0.164844 0.018750 0.020313 0.018750
0 0.641406 0.238281 0.020313 0.020313
0 0.824219 0.260156 0.020313 0.020313
0 0.614062 0.261719 0.018750 0.020313
0 0.840625 0.279687 0.018750 0.018750
0 0.382812 0.345313 0.018750 0.018750
0 0.416406 0.371875 0.020313 0.018750
0 0.425781 0.383594 0.020313 0.020313
0 0.788281 0.423438 0.020313 0.018750
0 0.403906 0.425000 0.020313 0.018750
0 0.416406 0.434375 0.020313 0.018750
0 0.442188 0.441406 0.018750 0.020313
0 0.431250 0.466406 0.018750 0.020313
0 0.439063 0.514062 0.018750 0.018750
