0 0.164844 0.018750 0.020313 0.018750
0 0.771875 0.201563 0.018750 0.018750
0 0.766406 0.210938 0.020313 0.018750
0 0.494531 0.270313 0.020313 0.018750
0 0.501563 0.289062 0.018750 0.018750
0 0.552344 0.289062 0.020313 0.018750
0 0.833594 0.290625 0.020313 0.018750
0 0.450781 0.303125 0.020313 0.018750
0 0.429688 0.315625 0.018750 0.018750
0 0.416406 0.374219 0.020313 0.020313
0 0.324219 0.382812 0.020313 0.018750
0 0.403906 0.389062 0.020313 0.018750
0 0.404687 0.421875 0.018750 0.018750
0 0.465625 0.521094 0.018750 0.020313
