0 0.164844 0.018750 0.020313 0.018750
0 0.817187 0.236719 0.018750 0.020313
0 0.828125 0.260156 0.018750 0.020313
0 0.439063 0.307812 0.018750 0.018750
0 0.460156 0.315625 0.020313 0.018750
0 0.443750 0.345313 0.018750 0.018750
0 0.416406 0.372656 0.020313 0.020313
0 0.404687 0.382812 0.018750 0.018750
0 0.793750 0.398438 0.018750 0.018750
0 0.403906 0.425000 0.020313 0.018750
0 0.440625 0.430469 0.018750 0.020313
0 0.416406 0.432812 0.020313 0.018750
0 0.367969 0.488281 0.020313 0.020313
0 0.398438 0.500781 0.018750 0.020313
