0 0.164844 0.018750 0.020313 0.018750
0 0.792188 0.202344 0.018750 0.020313
0 0.803125 0.213281 0.018750 0.020313
0 0.598437 0.270313 0.018750 0.018750
0 0.456250 0.307812 0.018750 0.018750
0 0.434375 0.316406 0.018750 0.020313
0 0.836719 0.346875 0.020313 0.018750
0 0.442188 0.350781 0.018750 0.020313
0 0.416406 0.374219 0.020313 0.020313
0 0.401562 0.386719 0.018750 0.020313
0 0.403906 0.426563 0.020313 0.018750
0 0.337500 0.442969 0.018750 0.020313
0 0.417187 0.501563 0.018750 0.018750
0 0.436719 0.515625 0.020313 0.018750
