0 0.164844 0.018750 0.020313 0.018750
0 0.641406 0.239063 0.020313 0.018750
0 0.822656 0.254688 0.020313 0.018750
0 0.836719 0.276562 0.020313 0.018750
0 0.438281 0.309375 0.020313 0.018750
0 0.457813 0.315625 0.018750 0.018750
0 0.382031 0.343750 0.020313 0.018750
0 0.414844 0.371875 0.020313 0.018750
0 0.424219 0.382812 0.020313 0.018750
0 0.787500 0.417969 0.018750 0.020313
0 0.403906 0.425000 0.020313 0.018750
0 0.416406 0.432812 0.020313 0.018750
0 0.443750 0.441406 0.018750 0.020313
0 0.439063 0.512500 0.018750 0.018750
