0 0.164844 0.020313 0.020313 0.018750
0 0.757812 0.212500 0.018750 0.018750
0 0.732031 0.213281 0.020313 0.020313
0 0.813281 0.221875 0.020313 0.018750
0 0.498437 0.278125 0.018750 0.018750
0 0.483594 0.279687 0.020313 0.018750
0 0.454688 0.289062 0.018750 0.018750
0 0.425781 0.315625 0.020313 0.018750
0 0.340625 0.320312 0.018750 0.018750
0 0.442188 0.350781 0.018750 0.020313
0 0.417187 0.371875 0.018750 0.018750
0 0.400000 0.387500 0.018750 0.018750
0 0.402344 0.414062 0.020313 0.018750
0 0.478125 0.520312 0.018750 0.018750
