0 0.164844 0.018750 0.020313 0.018750
0 0.700781 0.207813 0.020313 0.018750
0 0.653906 0.242188 0.020313 0.018750
0 0.443750 0.307812 0.018750 0.018750
0 0.842187 0.339844 0.018750 0.020313
0 0.440625 0.348438 0.018750 0.018750
0 0.865625 0.359375 0.018750 0.018750
0 0.421875 0.371875 0.018750 0.018750
0 0.402344 0.382812 0.020313 0.018750
0 0.456250 0.393750 0.018750 0.018750
0 0.412500 0.407031 0.018750 0.020313
0 0.403906 0.425000 0.020313 0.018750
0 0.420312 0.432812 0.018750 0.018750
0 0.400000 0.493750 0.018750 0.018750
0 0.791406 0.493750 0.020313 0.018750
0 0.438281 0.512500 0.020313 0.018750
