0 0.164844 0.018750 0.020313 0.018750
0 0.802344 0.205469 0.020313 0.020313
0 0.813281 0.225781 0.020313 0.020313
0 0.615625 0.260156 0.018750 0.020313
0 0.561719 0.282031 0.020313 0.020313
0 0.458594 0.310937 0.020313 0.018750
0 0.438281 0.314063 0.020313 0.018750
0 0.822656 0.364063 0.020313 0.018750
0 0.416406 0.372656 0.020313 0.020313
0 0.402344 0.385156 0.020313 0.020313
0 0.434375 0.421875 0.018750 0.018750
0 0.403906 0.425000 0.020313 0.018750
0 0.346094 0.463281 0.020313 0.020313
0 0.438281 0.515625 0.020313 0.018750
