0 0.164844 0.020313 0.020313 0.018750
0 0.785937 0.203906 0.018750 0.020313
0 0.765625 0.205469 0.018750 0.020313
0 0.518750 0.272656 0.018750 0.020313
0 0.575781 0.279687 0.020313 0.018750
0 0.521875 0.294531 0.018750 0.020313
0 0.450781 0.303906 0.020313 0.020313
0 0.432812 0.316406 0.018750 0.020313
0 0.845313 0.317969 0.018750 0.020313
0 0.416406 0.374219 0.020313 0.020313
0 0.326562 0.409375 0.018750 0.018750
0 0.435937 0.492188 0.018750 0.018750
0 0.445312 0.520312 0.018750 0.018750
0 0.012500 0.964844 0.018750 0.020313
