0 0.164844 0.018750 0.020313 0.018750
0 0.654687 0.251563 0.018750 0.018750
0 0.442188 0.310937 0.018750 0.018750
0 0.458594 0.316406 0.020313 0.020313
0 0.382812 0.353125 0.018750 0.018750
0 0.442188 0.353125 0.018750 0.018750
0 0.420312 0.370312 0.018750 0.018750
0 0.821875 0.371875 0.018750 0.018750
0 0.842187 0.382812 0.018750 0.018750
0 0.398438 0.386719 0.018750 0.020313
0 0.362500 0.389062 0.018750 0.018750
0 0.456250 0.395313 0.018750 0.018750
0 0.403906 0.425000 0.020313 0.018750
0 0.410938 0.432812 0.018750 0.018750
0 0.771875 0.528125 0.018750 0.018750
0 0.079687 0.978125 0.018750 0.018750
