0 0.164844 0.018750 0.020313 0.018750
0 0.654687 0.246875 0.018750 0.018750
0 0.833594 0.352344 0.020313 0.020313
0 0.440625 0.353125 0.018750 0.018750
0 0.382812 0.357812 0.018750 0.018750
0 0.856250 0.368750 0.018750 0.018750
0 0.421875 0.371875 0.018750 0.018750
0 0.400000 0.382812 0.018750 0.018750
0 0.456250 0.392188 0.018750 0.018750
0 0.413281 0.401562 0.020313 0.018750
0 0.467187 0.415625 0.018750 0.018750
0 0.403906 0.425000 0.020313 0.018750
0 0.417187 0.432812 0.018750 0.018750
0 0.784375 0.506250 0.018750 0.018750
