0 0.164844 0.018750 0.020313 0.018750
0 0.778906 0.201563 0.020313 0.018750
0 0.799219 0.207813 0.020313 0.018750
0 0.587500 0.272656 0.018750 0.020313
0 0.537500 0.275000 0.018750 0.018750
0 0.534375 0.294531 0.018750 0.020313
0 0.451562 0.307031 0.018750 0.020313
0 0.432812 0.315625 0.018750 0.018750
0 0.846094 0.335938 0.020313 0.018750
0 0.443750 0.350781 0.018750 0.020313
0 0.416406 0.374219 0.020313 0.020313
0 0.400000 0.387500 0.018750 0.018750
0 0.402344 0.423438 0.020313 0.018750
0 0.331250 0.426563 0.018750 0.018750
0 0.424219 0.501563 0.020313 0.018750
0 0.436719 0.517188 0.020313 0.018750
