0 0.164844 0.018750 0.020313 0.018750
0 0.809375 0.220312 0.018750 0.018750
0 0.821875 0.245312 0.018750 0.018750
0 0.632031 0.249219 0.020313 0.020313
0 0.442188 0.312500 0.018750 0.018750
0 0.458594 0.315625 0.020313 0.018750
0 0.416406 0.372656 0.020313 0.020313
0 0.401562 0.385156 0.018750 0.020313
0 0.806250 0.385156 0.018750 0.020313
0 0.432812 0.421875 0.018750 0.018750
0 0.403906 0.425000 0.020313 0.018750
0 0.418750 0.437500 0.018750 0.018750
0 0.358594 0.478125 0.020313 0.018750
0 0.438281 0.515625 0.020313 0.018750
