0 0.164844 0.018750 0.020313 0.018750
0 0.818750 0.240625 0.018750 0.018750
0 0.640625 0.243750 0.018750 0.018750
0 0.831250 0.264062 0.018750 0.018750
0 0.598437 0.265625 0.018750 0.018750
0 0.436719 0.307031 0.020313 0.020313
0 0.460156 0.315625 0.020313 0.018750
0 0.416406 0.371875 0.020313 0.018750
0 0.410938 0.382812 0.018750 0.018750
0 0.789844 0.404687 0.020313 0.018750
0 0.403906 0.425000 0.020313 0.018750
0 0.416406 0.434375 0.020313 0.018750
0 0.371875 0.490625 0.018750 0.018750
0 0.398438 0.501563 0.018750 0.018750
